4294967278,37
4294967278,36
4294967278,35
4294967278,34
4294967278,33
4294967278,32
4294967278,31
4294967278,30
4294967278,29
4294967278,59
4294967278,58
4294967278,57
4294967278,56
4294967278,55
4294967278,54
4294967278,52
4294967278,51
4294967278,50
4294967278,350
4294967278,49
4294967278,48
4294967278,47
4294967278,46
4294967278,45
4294967278,44
4294967278,43
4294967278,42
4294967278,343
4294967278,41
4294967278,40
4294967278,39
4294967278,38
4294967279,80
4294967279,79
4294967279,78
4294967279,75
4294967279,70
4294967279,69
4294967279,68
4294967279,67
4294967279,65
4294967279,62
4294967279,60
4294967279,57
4294967279,55
4294967279,52
4294967279,49
4294967279,47
4294967279,46
4294967279,44
4294967279,42
4294967279,38
4294967279,34
4294967279,30
4294967279,25
4294967279,23
4294967279,22
4294967279,20
4294967279,19
4294967279,18
4294967279,11
4294967278,53
4294967278,356
4294967279,53
4294967279,540
4294967278,164
4294967279,164
4294967278,163
4294967279,163
4294967279,50
4294967279,537
4294967279,161
4294967279,160
4294967279,159
4294967279,157
4294967279,155
4294967279,154
4294967279,153
4294967279,41
4294967279,529
4294967279,151
4294967279,39
4294967279,289
4294967294,1420
4294967279,149
4294967294,89
4294967279,288
4294967278,381
4294967279,35
4294967279,287
4294967279,145
4294967294,1095
4294967278,380
4294967279,144
4294967279,570
4294967279,33
4294967279,143
4294967279,142
4294967279,139
4294967279,141
45,5
45,4
4294967279,140
45,3
45,2
45,1
4294967279,138
4294967279,272
4294967279,136
4294967279,135
4294967279,21
4294967279,134
43,4
4294967279,133
43,3
43,2
43,1
4294967279,268
4294967279,271
4294967279,270
4294967279,282
42,4
42,3
42,2
42,1
4294967279,279
4294967279,280
4294967294,1421
4294967279,277
4294967279,278
4294967279,265
41,6
4294967294,392
4294967294,115
4294967279,262
4294967279,276
4294967279,569
41,5
4294967279,261
4294967279,275
41,4
41,3
41,2
41,1
4294967279,258
4294967294,388
4294967294,387
4294967279,257
4294967279,256
4294967279,274
4294967278,379
4294967278,346
4294967278,0
4294967279,255
40,5
4294967279,253
4294967278,258
40,4
40,3
40,2
40,1
4294967278,257
4294967278,336
4294967278,335
4294967278,256
4294967278,334
39,5
4294967278,331
39,4
4294967278,366
39,3
39,2
39,1
4294967278,329
4294967294,393
4294967294,46
4294967294,389
4294967294,120
4294967294,114
4294967278,254
4294967278,250
4294967279,568
4294967278,252
4294967278,251
38,5
4294967278,248
4294967278,246
38,4
38,3
38,2
38,1
4294967278,244
0,7
4294967294,409
4294967294,395
4294967294,1172
4294967294,385
4294967294,178
4294967294,179
4294967294,420
4294967294,183
4294967294,167
4294967294,468
4294967294,450
4294967294,175
4294967294,108
4294967294,82
4294967278,243
4294967278,239
4294967278,238
4294967278,241
4294967278,365
4294967279,567
4294967279,538
4294967279,0
4294967278,327
4294967278,235
4294967278,231
4294967278,230
4294967278,233
4294967278,229
4294967294,469
4294967294,390
4294967278,227
4294967278,225
4294967278,221
4294967278,220
4294967278,223
4294967278,219
4294967294,470
4294967294,1
4294967278,217
4294967294,419
4294967278,215
4294967294,2
4294967294,1000
4294967294,29
4294967294,1001
4294967294,186
4294967294,1176
4294967278,364
4294967294,38
4294967294,36
4294967294,0
4294967294,424
4294967294,39
4294967294,42
4294967294,99
4294967294,41
4294967294,107
4294967294,91
4294967294,90
4294967294,87
4294967294,86
4294967294,85
4294967294,84
4294967294,1175
4294967294,1174
4294967294,1017
4294967294,28
4294967294,1016
4294967294,27
4294967294,53
4294967294,44
4294967294,45
4294967294,427
4294967294,40
4294967294,37
4294967294,417
4294967294,96
4294967294,94
4294967278,325
4294967294,9
4294967278,211
4294967294,8
4294967278,326
4294967294,22
2,4
4294967278,324
4294967294,421
4294967294,97
4294967294,92
4294967294,88
4294967294,1166
4294967294,1164
4294967294,1158
4294967294,1019
4294967294,990
4294967294,988
4294967294,987
4294967294,60
4294967294,1098
4294967294,1419
4294967294,11
4294967278,323
4294967294,6
4294967278,132
4294967278,131
4294967278,130
4294967278,129
4294967278,128
4294967278,127
4294967278,126
4294967278,125
4294967278,124
4294967278,123
4294967278,122
4294967278,121
4294967278,120
4294967278,119
4294967278,118
4294967278,117
4294967278,116
4294967278,115
4294967278,114
4294967278,113
4294967278,112
4294967278,111
4294967278,110
4294967278,109
4294967278,108
4294967278,107
4294967278,106
4294967278,105
4294967278,104
4294967278,103
4294967278,102
4294967278,101
4294967278,100
4294967278,99
4294967278,98
4294967278,97
4294967278,96
4294967278,95
